206.246400
137.667840
88.289280
228.101760
189.497760
199.506240
177.804000
218.093280
122.348640
-129.345120
-76.187520
-216.102240
-216.000000
-213.191520
-89.668320
-189.549120
-96.459840
74.195520
89.310240
93.600000
124.804800
107.182560
138.637920
208.748640
-119.745120
194.093280
192.714720
133.480800
168.254880
-99.115200
-137.208960
-203.081280
-190.008960
0.000000
114.724800
196.800000
111.676320
200.527200
209.667840
93.650880
211.353120
192.101760
99.676320
78.944640
-158.349120
-214.162080
126.689280
-182.246880
-128.068320
-94.059840
-113.208960
-105.855360
-120.255360
-206.553600
104.680800
89.004000
194.757120
180.561600
84.254880
-150.229920
-78.229920
-85.583040
-165.753600
-83.132160
-179.183040
-204.102240
-95.438400
-85.940640
189.753120
122.297760
88.493280
208.901760
188.578560
-122.145120
220.697760
124.800000
159.625440
183.420960
88.289280
100.340160
93.037920
214.161600
143.642400
208.595520
89.310240
-95.029920
-137.566080
-145.940640
-129.446880
-203.029920
-191.898240
-115.812960
-63.727680
-191.489760
-221.923680
-91.557600
-222.127680
-197.668320
-74.042880
-209.106720
-193.021440
-209.106720
-203.183040
183.676320
217.225440
197.463360
109.787040
74.042400
217.837920
82.774080
216.254880
145.531680
200.272320
120.000000
220.748640
155.744640
212.220960
205.531680
84.254880
176.170080
197.514720
-188.272800
-180.612960
-120.000000
-109.787520
-224.221440
172.544640
211.761600
145.684800
135.727200
209.054880
156.970080
115.812480
106.620960
165.906240
-11.285280
138.944640
-162.179040
-212.221440
-102.127680
-161.126880
-213.702240
-220.034400
-87.370560
-94.927680
-93.293760
-141.242880
-196.340640
-122.553600
-73.072800
-200.579040
-193.685280
-145.123680
-99.574560
-214.263840
-80.629920
-124.646880
-209.821440
-82.008960
-217.021440
-206.859840
122.246400
101.412480
140.987040
79.506240
151.608480
125.718720
-201.140640
-84.255360
-186.536640
-218.349120
-190.723680
-122.910720
-104.681280
-186.791520
-143.642880
-212.017440
89.361600
136.033920
140.425440
211.914720
99.114720
174.178560
150.637920
68.936160
91.751040
79.148640
92.782560
125.412480
207.982560
86.859360
78.740160
206.654880
87.727200
105.650880
127.812480
207.727200
132.306240
89.667840
-101.055360
-216.102240
-152.527680
-110.042880
-134.604480
-161.566080
-179.387520
-81.651360
-165.089760
-139.353600
-129.038400
-182.349120
-130.774560
-215.846880
-87.012960
-84.766080
-202.059840
-211.659840
34.212480
86.450880
85.837920
217.633920
162.587040
170.553120
88.442400
153.037920
127.200000
201.753120
104.680800
197.974080
87.880800
201.242400
170.348640
206.808480
-203.183040
-104.681280
-163.353600
-68.936640
-193.634400
-63.115200
-103.200000
-214.723680
-218.196000
-208.953600
132.357120
158.910240
103.301760
121.684800
213.701760
142.008480
-173.923680
-131.029920
-145.583040
-224.732160
-185.770560
-203.132160
-198.229920
-85.379040
-155.132160
-219.319200
-95.642880
-114.893760
-222.281280
-104.681280
-208.851360
-199.659840
-209.106720
-219.779040
-191.642880
-217.838400
-135.881280
104.680800
169.225440
155.642400
160.667040
84.970080
71.846400
125.106240
140.425440
109.837920
198.740160
226.570080
127.761600
71.131680
220.595520
79.148640
100.187040
196.136160
84.254880
135.318720
216.101760
84.254880
79.148640
84.254880
220.391040
199.046400
212.118720
-99.574560
-131.693760
-86.298240
-147.268320
-81.345120
-58.723680
-89.310720
-200.374560
-92.783040
204.306240
162.229440
123.798720
210.893280
125.514720
85.582560
89.361600
144.970080
193.991040
-212.170560
-227.081280
-212.527680
-180.255360
-145.276800
-212.374560
-117.089760
-85.379040
-94.366080
-127.149120
-200.476800
-208.085280
205.582560
58.723200
124.136160
106.876320
199.863360
78.433920
218.297760
200.170080
144.765600
221.361600
94.467840
183.778560
-132.612960
-226.315200
-94.468320
-89.362080
-231.063840
-186.893760
-213.804480
-116.629920
-77.923680
-212.987520
-83.387520
-85.021440
-196.902240
-97.634400
-188.783040
-170.757600
-213.600000
-144.051360
136.850880
85.736160
151.148640
210.842400
200.170080
227.284800
87.982560
88.850880
164.170080
182.553120
159.012480
96.306240
212.220960
54.536160
134.042400
197.770080
212.782560
97.868640
210.382560
-167.898240
-83.387520
-96.612960
-181.225920
-94.927680
-230.042880
-100.340640
-209.974560
-129.855360
-196.238400
-204.459840
-143.693760
-130.212960
-96.612960
-202.417440
-84.970560
-223.046880
-84.766080
-169.225920
-156.597600
-215.591520
109.787040
214.825440
104.680800
211.812480
92.272320
105.395520
-152.885280
-84.612960
-204.153600
-108.051360
-160.034400
-138.434400
-133.276800
-80.017440
-189.446880
-216.306720
-75.472800
210.587040
201.650880
134.961600
203.489280
106.620960
213.753120
223.863360
165.037920
212.527200
100.595520
194.961600
137.872320
213.753120
98.859360
212.731680
216.306240
188.629440
205.684800
129.497760
209.770080
-158.145120
-114.893760
-195.779040
-154.263840
-202.315200
-209.362080
-136.886880
-90.025920
-104.681280
-222.996000
-148.749120
-129.600000
-199.404480
-150.025920
-102.025920
-168.817440
-227.081280
-12.766080
-73.276800
-216.306720
-160.749120
140.884800
104.884800
97.179360
214.774080
119.642400
210.995520
74.042400
199.863360
110.093280
86.450880
195.829440
179.846400
210.995520
104.578560
-212.476800
-105.396000
-109.787520
-211.098240
-232.391520
-79.302240
-90.434400
-161.412960
-215.745120
-213.242880
-135.063840
-114.893760
-181.583040
-137.974560
-79.149120
214.927200
177.600000
89.361600
203.489280
87.880800
-166.417440
-139.455360
-203.285280
-114.332160
-145.940640
-120.873600
-63.829920
-161.157600
-174.229920
-210.485280
210.433920
212.527200
129.037920
128.884800
210.995520
119.029440
135.370080
222.893280
89.361600
137.514720
82.774080
122.195520
196.187040
167.948640
207.114720
94.467840
84.254880
135.318720
216.306240
130.212480
217.940160
140.425440
89.361600
206.706240
150.637920
-200.272800
-201.549120
-120.000000
-202.825920
-127.251360
-140.170560
-202.468320
-145.532160
-209.923680
-140.425920
119.509440
207.625440
222.382560
181.889280
114.893280
152.016960
126.587040
204.612480
194.910240
205.480800
126.587040
4.033920
123.063360
171.370080
171.778560
94.672320
-138.689760
-94.927680
-123.421440
-80.732160
-87.523680
-192.306720
-133.481280
-78.893760
-125.157600
211.863360
94.212480
114.637920
147.370080
202.927200
87.931680
180.101760
130.518720
117.344640
-111.063840
-205.889760
-104.629920
-138.383040
-125.208960
-96.459840
214.416960
151.454880
204.714720
133.837920
156.459360
140.680800
84.254880
161.923200
127.608480
133.123200
-110.246880
-84.510720
-217.940640
-155.745120
-90.076800
-109.787520
-164.936640
-125.770560
-176.527680
-83.846880
-229.736640
-120.000000
-215.387520
-88.646880
-104.527680
-135.319200
-147.115200
-94.468320
210.229440
110.093280
171.370080
101.770080
172.442400
206.706240
209.718720
-180.255360
-79.149120
-207.625920
-200.272800
-191.796000
-159.779040
-85.940640
-210.485280
-90.434400
-180.000000
90.076320
215.846400
140.374080
130.212480
102.484800
191.182560
185.770080
200.987040
94.570080
212.884800
87.165600
89.616960
121.582560
170.706240
150.280800
102.076320
123.625440
169.837920
207.880800
106.212480
-220.340640
-89.259840
-140.783040
-84.459840
-167.234400
-94.979040
146.859360
200.220960
203.437920
89.820960
171.778560
84.867840
201.242400
200.782560
-135.319200
-217.736640
-221.617440
-99.983040
-191.285280
-155.745120
207.982560
196.544640
219.216960
115.710240
212.680800
180.714720
137.361600
81.701760
85.940160
203.897760
-216.051360
-209.821440
-134.298240
-150.179040
-135.829920
-212.119200
-89.463840
-141.293760
-209.412960
-201.600000
-109.787520
-215.693760
-189.345120
-192.562080
-179.336640
-215.081280
-212.425920
-52.800000
143.336160
93.906240
72.306240
218.144640
212.884800
107.336160
-175.404480
-151.404480
-189.804480
-185.821440
-203.132160
-164.732160
-85.736640
-98.859840
-123.881280
-94.468320
-74.042880
-222.332160
120.000000
196.033920
210.689280
214.876320
99.574080
89.361600
58.008480
-104.681280
-216.766080
-214.059840
-217.021440
-120.000000
-179.234400
-125.106720
-213.498240
-146.859840
-114.945120
192.101760
195.523200
221.259360
210.331680
152.833920
223.353120
120.714720
90.842400
68.936160
106.876320
218.961600
82.774080
160.289280
132.357120
129.037920
209.616960
139.914720
94.467840
221.310240
89.361600
205.991040
198.536160
180.254880
136.289280
-113.923680
-169.481280
-151.251360
-193.889760
-70.110720
-127.098240
-122.859840
-152.119200
-90.025920
-128.629920
-134.604480
-199.863840
-100.340640
-83.846880
-106.876800
-89.259840
84.050880
217.531680
207.012480
208.697760
134.553120
84.408480
102.852480
212.731680
75.318720
209.004000
85.225440
207.523200
220.340160
196.901760
175.659360
135.574080
109.736160
221.770080
76.237920
89.616960
96.403200
120.357120
-149.974560
-89.362080
-208.340640
-106.570560
-205.532160
-120.000000
-141.140640
-209.566080
-206.553600
-220.085280
-92.272800
-198.842880
-209.157600
-115.149120
205.276320
84.612480
140.680800
201.344640
199.710240
87.778560
87.880800
218.348640
196.493280
89.361600
210.637920
213.548640
89.361600
155.948640
-210.934560
-209.172960
-77.269920
-170.609760
-183.722880
-106.631520
-190.350720
-119.316000
-152.834400
-84.531360
-41.816640
-83.658240
199.853280
121.470240
213.124800
81.564000
204.954720
213.482400
65.724000
153.298560
219.671040
194.108640
144.663360
203.652480
108.413280
203.943360
-117.671520
100.605600
171.364800
212.277120
-206.916000
-90.225120
-125.229120
-141.125280
-57.186720
-210.516000
115.500960
102.393120
160.876320
75.681600
207.283200
154.631040
207.487200
132.449280
110.757120
-85.200000
-218.997600
-117.932160
-205.828320
-154.437600
-173.765280
-196.376640
-208.386720
-224.609760
-86.875200
-188.083680
-172.085280
-208.907520
82.564800
-85.680000
-184.841280
-89.959200
-161.898240
-92.834400
104.997120
198.918720
99.778560
207.957120
195.610080
92.859360
72.494880
140.624640
208.814880
81.880800
-173.688960
-194.262240
-65.448960
-196.126080
-204.475200
-194.052960
-207.881280
-77.178240
-95.872800
-195.911520
-214.059840
-117.105120
-199.598400
226.330080
74.001600
-106.861440
121.347840
125.994720
161.816160
129.625440
76.993920
192.663360
194.149440
87.640800
207.068640
98.844000
90.587040
199.158720
108.290880
89.917920
220.881600
199.164000
211.715520
91.797120
191.371680
-210.408960
-85.322880
-167.566080
-116.916000
-219.002880
-77.887680
-207.579840
-100.335360
-208.876800
-220.836000
-109.613760
-187.210560
223.000800
84.540960
97.225440
112.800000
229.256160
173.443200
214.590240
127.934880
208.401600
-136.274400
-85.317600
-210.281280
-223.863840
-210.046080
-87.937440
94.080000
161.826240
214.804800
107.642400
195.134880
98.216160
146.404800
91.991040
-127.317600
-75.727680
-78.939840
-146.992800
-198.832800
-153.779040
85.067040
42.760800
-133.052160
193.480800
198.219360
217.986240
214.457760
181.669440
141.221760
210.081600
27.533280
-145.976640
-113.443680
-202.739040
-138.955200
-156.102240
-130.616640
-105.023040
-143.351520
-153.799200
-118.233600
-96.623040
-132.965280
-172.687680
-125.203680
-201.171360
-141.074400
-88.299840
61.934880
200.517120
206.772480
197.718720
86.144640
173.749440
216.740160
131.458560
200.532480
83.917920
138.127200