124.056000
-153.792000
-21.528000
-87.480000
25.632000
18.504000
-24.624000
-170.280000
-142.920000
-131.976000
14.544000
-14.904000
-8.064000
163.656000
30.744000
-165.240000
59.832000
-12.240000
75.168000
68.976000
117.612000
-111.384000
55.296000
28.584000
10.440000
7.920000
71.496000
161.928000
-1.440000
84.456000
77.832000
12.024000
-12.672000
111.168000
100.447200
166.032000
109.008000
-11.088000
47.376000
-97.272000
-14.976000
20.160000
94.608000
-39.024000
-69.840000
38.016000
-10.440000
-163.584000
28.368000
-132.336000
-126.720000
-117.288000
-123.912000
-163.080000
118.152000
68.832000
-10.872000
19.008000
18.000000
123.480000
-84.456000
29.736000
-2.880000
-66.528000
-25.632000
-23.256000
-68.328000
-1.584000
165.456000
116.928000
38.448000
24.696000
-5.688000
-158.256000
169.344000
130.752000
160.560000
4.824000
42.768000
156.744000
83.952000
-14.976000
145.008000
37.656000
61.848000
75.672000
-10.008000
152.064000
161.928000
22.392000
-74.592000
117.000000
75.240000
-169.200000
168.552000
-78.696000
12.888000
168.480000
54.000000
36.216000
14.328000
10.080000
-12.888000
21.024000
-43.848000
167.472000
-154.800000
10.800000
82.152000
54.000000
165.960000
154.800000
51.408000
-126.000000
-29.376000
46.800000
26.856000
-19.440000
-54.000000
162.000000
3.024000
-24.768000
-52.848000
-119.808000
-111.600000
160.704000
49.176000
166.104000
-147.312000
-28.224000
27.432000
156.096000
111.096000
103.680000
-63.432000
-150.408000
-161.064000
142.488000
-4.104000
-92.592000
153.237600
-32.256000
-24.768000
50.904000
-88.200000
26.928000
-24.480000
-63.648000
-121.320000
-6.264000
-32.832000
21.672000
61.776000
-72.000000
17.064000
-82.800000
155.592000
161.496000
66.024000
3.600000
9.648000
90.504000
-118.008000
146.808000
-25.560000
103.320000
126.432000
-38.376000
32.400000
162.288000
-160.920000
161.856000
118.800000
-90.000000
10.800000
154.368000
7.056000
32.400000
-57.096000
144.504000
9.936000
-76.824000
-164.952000
154.800000
-111.600000
6.760800
18.000000
89.352000
-138.528000
37.440000
52.704000
11.736000
33.336000
34.992000
-124.416000
77.256000
-17.280000
154.224000
-54.000000
-56.808000
-16.632000
-159.696000
-113.616000
-138.240000
156.888000
-163.584000
40.824000
161.496000
-138.456000
-16.272000
3.240000
55.224000
121.536000
-49.536000
-76.824000
-160.200000
12.384000
-141.696000
20.160000
-29.088000
-168.768000
101.448000
9.144000
-62.568000
156.816000
-134.496000
-23.184000
108.504000
14.616000
4.608000
-15.768000
162.000000
25.200000
-8.712000
97.200000
161.640000
-54.000000
1.656000
-18.000000
154.800000
6.048000
-32.976000
23.904000
128.088000
-122.112000
95.472000
130.968000
3.528000
-3.888000
168.408000
35.640000
156.168000
167.400000
43.920000
-46.656000
8.208000
10.584000
40.392000
26.424000
69.336000
-118.800000
164.304000
82.800000
32.760000
2.016000
-32.328000
6.120000
-167.184000
-5.400000
-165.384000
90.000000
75.168000
110.952000
-152.935200
-39.600000
-104.400000
133.200000
104.400000
97.128000
16.920000
-164.088000
-150.048000
18.000000
-165.816000
16.992000
-155.016000
-168.120000
46.800000
-3.600000
11.448000
-61.200000
-37.512000
-44.712000
-30.600000
-6.984000
-13.680000
75.600000
8.712000
60.552000
164.304000
68.400000
-39.600000
3.024000
-15.192000
142.560000
158.472000
-155.304000
-113.961600
-10.152000
85.176000
-23.904000
-54.000000
152.784000
-10.152000
26.208000
-163.512000
-22.680000
-22.464000
-145.296000
17.784000
-120.096000
-91.008000
-82.944000
138.096000
15.480000
8.136000
-165.744000
46.800000
-146.160000
-19.008000
-51.624000
-18.000000
12.024000
-36.288000
-156.456000
-17.280000
-61.200000
-163.224000
150.552000
7.560000
90.000000
-69.408000
167.976000
9.216000
-15.696000
150.264000
10.008000
15.408000
-8.928000
105.408000
-5.256000
-94.680000
-164.736000
-160.344000
171.936000
151.344000
62.640000
33.480000
153.576000
21.744000
162.216000
-176.688000
68.400000
50.328000
166.680000
-165.456000
160.488000
74.880000
-158.328000
53.712000
145.296000
-6.912000
-22.680000
49.334400
-6.336000
24.048000
66.960000
80.928000
14.616000
-64.800000
166.176000
-110.664000
10.440000
135.288000
-40.320000
12.744000
-94.824000
133.200000
-75.960000
36.432000
-2.592000
168.120000
75.096000
161.064000
-150.019200
12.096000
-133.200000
10.080000
-91.008000
1.872000
77.688000
119.808000
-56.304000
25.704000
117.288000
114.336000
28.728000
-146.088000
-143.136000
88.776000
18.576000
5.400000
-87.048000
-133.200000
-82.800000
44.496000
-14.040000
79.336800
-12.168000
-165.888000
40.824000
36.288000
95.688000
154.080000
-140.904000
24.120000
88.992000
-11.736000
-10.080000
1.656000
18.288000
126.000000
-17.208000
159.480000
140.400000
165.384000
82.800000
163.512000
29.736000
131.508000
-60.768000
-132.192000
158.328000
158.616000
-148.824000
-30.168000
-122.472000
103.896000
-31.320000
162.936000
68.400000
15.984000
-5.688000
77.544000
109.440000
-104.184000
46.000800
21.240000
40.680000
-163.656000
32.400000
-166.752000
-130.896000
-3.600000
-82.368000
125.424000
-10.512000
95.616000
25.704000
-104.400000
-100.296000
-7.776000
160.992000
18.576000
10.944000
108.072000
-24.912000
8.568000
-154.440000
-118.800000
158.472000
-38.088000
93.096000
-18.000000
52.344000
61.200000
-172.879200
3.600000
164.880000
-48.384000
4.896000
-153.216000
-1.872000
-109.216800
-32.400000
-163.440000
164.448000
9.720000
-30.096000
20.304000
139.608000
129.744000
-12.744000
68.472000
6.696000
112.176000
75.600000
75.600000
120.888000
-14.904000
-3.528000
-69.912000
-154.584000
39.600000
39.600000
154.800000
-33.840000
-147.600000
-164.520000
68.400000
-39.600000
13.176000
-137.304000
21.312000
-48.312000
19.008000
-162.864000
-152.928000
-37.872000
41.688000
154.800000
-9.072000
85.896000
106.891200
6.408000
130.968000
-165.816000
-11.808000
-80.856000
-113.472000
27.216000
-158.328000
-27.072000
-10.800000
42.696000
-123.912000
12.312000
34.920000
-61.200000
-21.024000
62.568000
-21.888000
-5.472000
29.664000
-6.336000
-102.168000
-64.296000
-125.208000
9.144000
-41.904000
-127.080000
46.584000
1.368000
61.416000
-60.048000
79.200000
-113.472000
108.576000
-10.512000
87.624000
143.136000
-145.872000
-105.840000
-166.536000
159.984000
9.288000
-141.408000
-68.400000
157.320000
10.800000
-111.888000
23.976000
-101.304000
2.952000
18.000000
33.336000
162.000000
60.192000
-97.200000
3.384000
91.152000
75.528000
17.568000
-80.712000
-133.200000
2.232000
10.800000
-27.792000
147.600000
55.080000
-86.904000
65.952000
-126.576000
66.024000
91.008000
-12.960000
-25.632000
10.512000
98.712000
90.000000
22.824000
158.328000
0.864000
6.408000
-27.720000
16.128000
-28.872000
163.872000
-111.600000
26.424000
-25.056000
-138.312000
97.200000
2.664000
83.664000
-118.008000
-82.584000
10.800000
-61.200000
-45.504000
-3.384000
79.128000
40.608000
122.112000
131.112000
-92.088000
167.328000
-132.120000
166.824000
-62.352000
-150.120000
13.608000
-73.440000
69.912000
155.160000
46.728000
19.512000
34.272000
163.368000
66.168000
-0.216000
12.528000
-25.200000
-3.240000
133.272000
-57.528000
7.560000
117.792000
-166.896000
-30.240000
-170.208000
123.840000
-165.384000
-17.208000
149.112000
-1.152000
10.656000
0.936000
-34.416000
163.944000
31.392000
-155.880000
148.032000
21.024000
40.608000
-154.584000
-29.088000
154.584000
109.368000
8.424000
-14.760000
-97.560000
-165.960000
3.528000
9.720000
21.744000
54.000000
58.464000
12.456000
-7.128000
-13.752000
-113.040000
163.296000
-8.928000
-16.992000
165.600000
-2.160000
39.168000
-3.600000
-115.704000
-116.215200
61.200000
-68.400000
-165.888000
-118.800000
-39.456000
165.384000
24.552000
97.200000
-82.800000
32.400000
-90.000000
-32.400000
22.320000
9.288000
118.800000
165.240000
-46.800000
-0.648000
-160.128000
94.320000
-163.944000
1.944000
140.040000
-28.296000
21.096000
-174.528000
147.600000
-110.592000
-18.000000
-102.312000
19.656000
-68.400000
122.760000
-143.136000
142.128000
14.112000
154.296000
-82.800000
-164.592000
-61.200000
22.248000
-164.736000
-100.296000
152.136000
-143.352000
-6.048000
11.016000
-66.960000
74.448000
-127.008000
-111.600000
-27.288000
37.368000
30.384000
155.160000
29.736000
-91.080000
-47.232000
115.560000
-47.664000
16.992000
-38.664000
-12.600000
-9.360000
-142.776000
11.520000
-68.342400
-163.224000
89.280000
-25.200000
18.072000
-18.000000
168.624000
162.360000
154.728000
-140.256000
104.544000
-10.728000
-55.368000
-24.696000
-41.918400
-139.896000
-126.216000
-39.240000
-19.584000
97.056000
-18.288000
-131.112000
-154.800000
20.808000
-168.840000
-114.048000
-82.800000
-24.336000
-37.800000
109.872000
-11.952000
25.272000
154.224000
116.712000
29.952000
3.384000
-54.000000
-21.528000
86.112000
-54.000000
1.800000
10.152000
58.104000
-153.720000
20.116800
44.128800
-21.549600
0.324000
-37.202400
82.389600
158.328000
79.675200
48.412800
40.672800
-49.449600
-76.334400
40.428000
133.005600
23.299200
47.383200
30.362400
-4.140000
-46.072800
-162.309600
158.472000
14.054400
-149.565600
38.692800
-103.953600
-13.111200
-87.091200
80.553600
57.873600
-164.556000
7.646400
-54.590400
-153.201600
47.808000
-50.191200
164.426400
-132.753600
-85.356000
-158.709600
-82.008000
15.379200
-33.624000
-16.711200
138.600000
-126.734400
61.603200
-168.134400
-27.583200
40.788000
-123.415200
15.804000
-5.299200
11.116800
-1.281600
97.156800
-50.392800
159.998400
-68.392800
-158.004000
29.995200
163.137600
-66.772800
161.712000
-111.794400
-152.452800
77.184000
-73.562400
84.952800
24.055200
84.247200
45.424800
81.374400
29.095200
-93.355200
-112.536000
-10.202400
35.452800
-23.587200
-161.409600
12.787200
-10.670400
29.383200
-79.322400
-18.489600
32.428800
114.638400
-156.542400
-1.821600
2.181600
74.649600
3.895200
-137.520000
159.436800
125.676000
-2.966400
79.588800
-15.746400
-62.172000
-170.668800
-78.084000
35.517600
-8.906400
112.082400
-53.611200
10.461600
28.584000
9.129600
-56.275200
53.474400
20.160000
-63.914400
-158.832000
-114.746400
17.524800
-27.655200
111.528000
63.561600
-4.471200
161.179200
86.846400
-67.615200
165.484800
5.400000
-41.112000
-102.132000
30.124800
-79.135200
-12.456000
138.880800
25.783200
-41.104800
-126.864000
-78.408000
-164.160000
14.616000
-26.064000
69.926400
-155.304000
22.888800
101.635200
158.472000
75.808800
-151.387200
12.686400
-38.001600
-4.795200
39.765600
-2.916000
6.357600
83.728800
51.177600
34.725600
116.697600
-155.671200
1.936800
165.744000
-3.304800
162.676800
-154.238400
-21.607200
-57.096000
149.587200
-95.349600
-31.068000
-25.718400
-44.344800
156.751200
-78.112800
160.783200
9.561600
-119.664000
-91.144800
-144.964800
-159.048000
-125.956800
-16.164000
2.656800
13.255200
52.027200
-161.560800
-165.139200
-163.137600
23.738400
162.878400
-15.105600
1.648800
6.969600
6.516000
-134.769600